2021/07/18-18:28:36.796307 7fd352196700 RocksDB version: 6.17.3
2021/07/18-18:28:36.796357 7fd352196700 Git sha rocksdb_build_git_sha:@09c7e96eac1ab983f97ce9e0406730b8014b3398@
2021/07/18-18:28:36.796361 7fd352196700 Compile date Jun 14 2021
2021/07/18-18:28:36.796573 7fd352196700 DB SUMMARY
2021/07/18-18:28:36.796578 7fd352196700 DB Session ID:  SA8UCOBNBDD7YKI50YNE
2021/07/18-18:28:36.796785 7fd352196700 CURRENT file:  CURRENT
2021/07/18-18:28:36.796789 7fd352196700 IDENTITY file:  IDENTITY
2021/07/18-18:28:36.796801 7fd352196700 MANIFEST file:  MANIFEST-000580 size: 727 Bytes
2021/07/18-18:28:36.796805 7fd352196700 SST files in ./alice-database/db dir, Total Num: 3, files: 000570.sst 000573.sst 000579.sst 
2021/07/18-18:28:36.796807 7fd352196700 Write Ahead Log file in ./alice-database/db: 000581.log size: 5895 ; 
2021/07/18-18:28:36.796815 7fd352196700                         Options.error_if_exists: 0
2021/07/18-18:28:36.796818 7fd352196700                       Options.create_if_missing: 1
2021/07/18-18:28:36.796820 7fd352196700                         Options.paranoid_checks: 1
2021/07/18-18:28:36.796822 7fd352196700                               Options.track_and_verify_wals_in_manifest: 0
2021/07/18-18:28:36.796824 7fd352196700                                     Options.env: 0x7fd35496e900
2021/07/18-18:28:36.796827 7fd352196700                                      Options.fs: Posix File System
2021/07/18-18:28:36.796830 7fd352196700                                Options.info_log: 0x7fd3440b03a0
2021/07/18-18:28:36.796832 7fd352196700                Options.max_file_opening_threads: 16
2021/07/18-18:28:36.796834 7fd352196700                              Options.statistics: (nil)
2021/07/18-18:28:36.796837 7fd352196700                               Options.use_fsync: 0
2021/07/18-18:28:36.796839 7fd352196700                       Options.max_log_file_size: 0
2021/07/18-18:28:36.796841 7fd352196700                  Options.max_manifest_file_size: 1073741824
2021/07/18-18:28:36.796843 7fd352196700                   Options.log_file_time_to_roll: 0
2021/07/18-18:28:36.796845 7fd352196700                       Options.keep_log_file_num: 1000
2021/07/18-18:28:36.796848 7fd352196700                    Options.recycle_log_file_num: 0
2021/07/18-18:28:36.796850 7fd352196700                         Options.allow_fallocate: 1
2021/07/18-18:28:36.796852 7fd352196700                        Options.allow_mmap_reads: 0
2021/07/18-18:28:36.796854 7fd352196700                       Options.allow_mmap_writes: 0
2021/07/18-18:28:36.796856 7fd352196700                        Options.use_direct_reads: 0
2021/07/18-18:28:36.796859 7fd352196700                        Options.use_direct_io_for_flush_and_compaction: 0
2021/07/18-18:28:36.796861 7fd352196700          Options.create_missing_column_families: 1
2021/07/18-18:28:36.796863 7fd352196700                              Options.db_log_dir: 
2021/07/18-18:28:36.796865 7fd352196700                                 Options.wal_dir: ./alice-database/db
2021/07/18-18:28:36.796867 7fd352196700                Options.table_cache_numshardbits: 6
2021/07/18-18:28:36.796869 7fd352196700                         Options.WAL_ttl_seconds: 0
2021/07/18-18:28:36.796871 7fd352196700                       Options.WAL_size_limit_MB: 0
2021/07/18-18:28:36.796874 7fd352196700                        Options.max_write_batch_group_size_bytes: 1048576
2021/07/18-18:28:36.796876 7fd352196700             Options.manifest_preallocation_size: 4194304
2021/07/18-18:28:36.796878 7fd352196700                     Options.is_fd_close_on_exec: 1
2021/07/18-18:28:36.796880 7fd352196700                   Options.advise_random_on_open: 1
2021/07/18-18:28:36.796882 7fd352196700                    Options.db_write_buffer_size: 0
2021/07/18-18:28:36.796884 7fd352196700                    Options.write_buffer_manager: 0x7fd344032e40
2021/07/18-18:28:36.796886 7fd352196700         Options.access_hint_on_compaction_start: 1
2021/07/18-18:28:36.796888 7fd352196700  Options.new_table_reader_for_compaction_inputs: 0
2021/07/18-18:28:36.796890 7fd352196700           Options.random_access_max_buffer_size: 1048576
2021/07/18-18:28:36.796920 7fd352196700                      Options.use_adaptive_mutex: 0
2021/07/18-18:28:36.796923 7fd352196700                            Options.rate_limiter: (nil)
2021/07/18-18:28:36.796927 7fd352196700     Options.sst_file_manager.rate_bytes_per_sec: 0
2021/07/18-18:28:36.796929 7fd352196700                       Options.wal_recovery_mode: 2
2021/07/18-18:28:36.796931 7fd352196700                  Options.enable_thread_tracking: 0
2021/07/18-18:28:36.796933 7fd352196700                  Options.enable_pipelined_write: 0
2021/07/18-18:28:36.796935 7fd352196700                  Options.unordered_write: 0
2021/07/18-18:28:36.796937 7fd352196700         Options.allow_concurrent_memtable_write: 1
2021/07/18-18:28:36.796939 7fd352196700      Options.enable_write_thread_adaptive_yield: 1
2021/07/18-18:28:36.796941 7fd352196700             Options.write_thread_max_yield_usec: 100
2021/07/18-18:28:36.796944 7fd352196700            Options.write_thread_slow_yield_usec: 3
2021/07/18-18:28:36.796946 7fd352196700                               Options.row_cache: None
2021/07/18-18:28:36.796948 7fd352196700                              Options.wal_filter: None
2021/07/18-18:28:36.796950 7fd352196700             Options.avoid_flush_during_recovery: 0
2021/07/18-18:28:36.796952 7fd352196700             Options.allow_ingest_behind: 0
2021/07/18-18:28:36.796954 7fd352196700             Options.preserve_deletes: 0
2021/07/18-18:28:36.796956 7fd352196700             Options.two_write_queues: 0
2021/07/18-18:28:36.796959 7fd352196700             Options.manual_wal_flush: 0
2021/07/18-18:28:36.796961 7fd352196700             Options.atomic_flush: 0
2021/07/18-18:28:36.796963 7fd352196700             Options.avoid_unnecessary_blocking_io: 0
2021/07/18-18:28:36.796965 7fd352196700                 Options.persist_stats_to_disk: 0
2021/07/18-18:28:36.796967 7fd352196700                 Options.write_dbid_to_manifest: 0
2021/07/18-18:28:36.796969 7fd352196700                 Options.log_readahead_size: 0
2021/07/18-18:28:36.796971 7fd352196700                 Options.file_checksum_gen_factory: Unknown
2021/07/18-18:28:36.796973 7fd352196700                 Options.best_efforts_recovery: 0
2021/07/18-18:28:36.796975 7fd352196700                Options.max_bgerror_resume_count: 2147483647
2021/07/18-18:28:36.796977 7fd352196700            Options.bgerror_resume_retry_interval: 1000000
2021/07/18-18:28:36.796980 7fd352196700             Options.allow_data_in_errors: 0
2021/07/18-18:28:36.796982 7fd352196700             Options.db_host_id: __hostname__
2021/07/18-18:28:36.796984 7fd352196700             Options.max_background_jobs: 2
2021/07/18-18:28:36.796986 7fd352196700             Options.max_background_compactions: -1
2021/07/18-18:28:36.796988 7fd352196700             Options.max_subcompactions: 1
2021/07/18-18:28:36.796990 7fd352196700             Options.avoid_flush_during_shutdown: 0
2021/07/18-18:28:36.796992 7fd352196700           Options.writable_file_max_buffer_size: 1048576
2021/07/18-18:28:36.796995 7fd352196700             Options.delayed_write_rate : 16777216
2021/07/18-18:28:36.796997 7fd352196700             Options.max_total_wal_size: 0
2021/07/18-18:28:36.796999 7fd352196700             Options.delete_obsolete_files_period_micros: 21600000000
2021/07/18-18:28:36.797001 7fd352196700                   Options.stats_dump_period_sec: 600
2021/07/18-18:28:36.797003 7fd352196700                 Options.stats_persist_period_sec: 600
2021/07/18-18:28:36.797006 7fd352196700                 Options.stats_history_buffer_size: 1048576
2021/07/18-18:28:36.797008 7fd352196700                          Options.max_open_files: -1
2021/07/18-18:28:36.797010 7fd352196700                          Options.bytes_per_sync: 0
2021/07/18-18:28:36.797012 7fd352196700                      Options.wal_bytes_per_sync: 0
2021/07/18-18:28:36.797014 7fd352196700                   Options.strict_bytes_per_sync: 0
2021/07/18-18:28:36.797016 7fd352196700       Options.compaction_readahead_size: 0
2021/07/18-18:28:36.797019 7fd352196700                  Options.max_background_flushes: -1
2021/07/18-18:28:36.797033 7fd352196700 Compression algorithms supported:
2021/07/18-18:28:36.797037 7fd352196700 	kZSTDNotFinalCompression supported: 0
2021/07/18-18:28:36.797039 7fd352196700 	kZSTD supported: 0
2021/07/18-18:28:36.797042 7fd352196700 	kXpressCompression supported: 0
2021/07/18-18:28:36.797044 7fd352196700 	kLZ4HCCompression supported: 1
2021/07/18-18:28:36.797046 7fd352196700 	kLZ4Compression supported: 1
2021/07/18-18:28:36.797048 7fd352196700 	kBZip2Compression supported: 0
2021/07/18-18:28:36.797050 7fd352196700 	kZlibCompression supported: 0
2021/07/18-18:28:36.797052 7fd352196700 	kSnappyCompression supported: 0
2021/07/18-18:28:36.797056 7fd352196700 Fast CRC32 supported: Supported on x86
2021/07/18-18:28:36.797159 7fd352196700 [db/version_set.cc:4757] Recovering from manifest file: ./alice-database/db/MANIFEST-000580
2021/07/18-18:28:36.797389 7fd352196700 [db/column_family.cc:597] --------------- Options for column family [default]:
2021/07/18-18:28:36.797394 7fd352196700               Options.comparator: leveldb.BytewiseComparator
2021/07/18-18:28:36.797396 7fd352196700           Options.merge_operator: None
2021/07/18-18:28:36.797398 7fd352196700        Options.compaction_filter: None
2021/07/18-18:28:36.797400 7fd352196700        Options.compaction_filter_factory: None
2021/07/18-18:28:36.797402 7fd352196700  Options.sst_partitioner_factory: None
2021/07/18-18:28:36.797405 7fd352196700         Options.memtable_factory: SkipListFactory
2021/07/18-18:28:36.797407 7fd352196700            Options.table_factory: BlockBasedTable
2021/07/18-18:28:36.797457 7fd352196700            table_factory options:   flush_block_policy_factory: FlushBlockBySizePolicyFactory (0x7fd344033970)
  cache_index_and_filter_blocks: 0
  cache_index_and_filter_blocks_with_high_priority: 1
  pin_l0_filter_and_index_blocks_in_cache: 0
  pin_top_level_index_and_filter: 1
  index_type: 0
  data_block_index_type: 0
  index_shortening: 1
  data_block_hash_table_util_ratio: 0.750000
  hash_index_allow_collision: 1
  checksum: 1
  no_block_cache: 0
  block_cache: 0x7fd3440a2f90
  block_cache_name: LRUCache
  block_cache_options:
    capacity : 8388608
    num_shard_bits : 4
    strict_capacity_limit : 0
    memory_allocator : None
    high_pri_pool_ratio: 0.000
  block_cache_compressed: (nil)
  persistent_cache: (nil)
  block_size: 4096
  block_size_deviation: 10
  block_restart_interval: 16
  index_block_restart_interval: 1
  metadata_block_size: 4096
  partition_filters: 0
  use_delta_encoding: 1
  filter_policy: nullptr
  whole_key_filtering: 1
  verify_compression: 0
  read_amp_bytes_per_bit: 0
  format_version: 4
  enable_index_compression: 1
  block_align: 0
2021/07/18-18:28:36.797460 7fd352196700        Options.write_buffer_size: 67108864
2021/07/18-18:28:36.797463 7fd352196700  Options.max_write_buffer_number: 2
2021/07/18-18:28:36.797465 7fd352196700          Options.compression: LZ4
2021/07/18-18:28:36.797467 7fd352196700                  Options.bottommost_compression: Disabled
2021/07/18-18:28:36.797468 7fd352196700       Options.prefix_extractor: nullptr
2021/07/18-18:28:36.797471 7fd352196700   Options.memtable_insert_with_hint_prefix_extractor: nullptr
2021/07/18-18:28:36.797473 7fd352196700             Options.num_levels: 7
2021/07/18-18:28:36.797475 7fd352196700        Options.min_write_buffer_number_to_merge: 1
2021/07/18-18:28:36.797477 7fd352196700     Options.max_write_buffer_number_to_maintain: 0
2021/07/18-18:28:36.797479 7fd352196700     Options.max_write_buffer_size_to_maintain: 0
2021/07/18-18:28:36.797482 7fd352196700            Options.bottommost_compression_opts.window_bits: -14
2021/07/18-18:28:36.797484 7fd352196700                  Options.bottommost_compression_opts.level: 32767
2021/07/18-18:28:36.797486 7fd352196700               Options.bottommost_compression_opts.strategy: 0
2021/07/18-18:28:36.797488 7fd352196700         Options.bottommost_compression_opts.max_dict_bytes: 0
2021/07/18-18:28:36.797490 7fd352196700         Options.bottommost_compression_opts.zstd_max_train_bytes: 0
2021/07/18-18:28:36.797783 7fd352196700         Options.bottommost_compression_opts.parallel_threads: 1
2021/07/18-18:28:36.797790 7fd352196700                  Options.bottommost_compression_opts.enabled: false
2021/07/18-18:28:36.797792 7fd352196700            Options.compression_opts.window_bits: -14
2021/07/18-18:28:36.797794 7fd352196700                  Options.compression_opts.level: 32767
2021/07/18-18:28:36.797797 7fd352196700               Options.compression_opts.strategy: 0
2021/07/18-18:28:36.797799 7fd352196700         Options.compression_opts.max_dict_bytes: 0
2021/07/18-18:28:36.797801 7fd352196700         Options.compression_opts.zstd_max_train_bytes: 0
2021/07/18-18:28:36.797804 7fd352196700         Options.compression_opts.parallel_threads: 1
2021/07/18-18:28:36.797806 7fd352196700                  Options.compression_opts.enabled: false
2021/07/18-18:28:36.797808 7fd352196700      Options.level0_file_num_compaction_trigger: 4
2021/07/18-18:28:36.797809 7fd352196700          Options.level0_slowdown_writes_trigger: 20
2021/07/18-18:28:36.797812 7fd352196700              Options.level0_stop_writes_trigger: 36
2021/07/18-18:28:36.797886 7fd352196700                   Options.target_file_size_base: 67108864
2021/07/18-18:28:36.797917 7fd352196700             Options.target_file_size_multiplier: 1
2021/07/18-18:28:36.797920 7fd352196700                Options.max_bytes_for_level_base: 268435456
2021/07/18-18:28:36.797921 7fd352196700 Options.level_compaction_dynamic_level_bytes: 0
2021/07/18-18:28:36.797924 7fd352196700          Options.max_bytes_for_level_multiplier: 10.000000
2021/07/18-18:28:36.797929 7fd352196700 Options.max_bytes_for_level_multiplier_addtl[0]: 1
2021/07/18-18:28:36.797946 7fd352196700 Options.max_bytes_for_level_multiplier_addtl[1]: 1
2021/07/18-18:28:36.797948 7fd352196700 Options.max_bytes_for_level_multiplier_addtl[2]: 1
2021/07/18-18:28:36.797950 7fd352196700 Options.max_bytes_for_level_multiplier_addtl[3]: 1
2021/07/18-18:28:36.797952 7fd352196700 Options.max_bytes_for_level_multiplier_addtl[4]: 1
2021/07/18-18:28:36.797955 7fd352196700 Options.max_bytes_for_level_multiplier_addtl[5]: 1
2021/07/18-18:28:36.797957 7fd352196700 Options.max_bytes_for_level_multiplier_addtl[6]: 1
2021/07/18-18:28:36.797959 7fd352196700       Options.max_sequential_skip_in_iterations: 8
2021/07/18-18:28:36.797961 7fd352196700                    Options.max_compaction_bytes: 1677721600
2021/07/18-18:28:36.797964 7fd352196700                        Options.arena_block_size: 8388608
2021/07/18-18:28:36.797966 7fd352196700   Options.soft_pending_compaction_bytes_limit: 68719476736
2021/07/18-18:28:36.797968 7fd352196700   Options.hard_pending_compaction_bytes_limit: 274877906944
2021/07/18-18:28:36.797970 7fd352196700       Options.rate_limit_delay_max_milliseconds: 100
2021/07/18-18:28:36.797972 7fd352196700                Options.disable_auto_compactions: 0
2021/07/18-18:28:36.797977 7fd352196700                        Options.compaction_style: kCompactionStyleLevel
2021/07/18-18:28:36.797980 7fd352196700                          Options.compaction_pri: kMinOverlappingRatio
2021/07/18-18:28:36.797982 7fd352196700 Options.compaction_options_universal.size_ratio: 1
2021/07/18-18:28:36.797985 7fd352196700 Options.compaction_options_universal.min_merge_width: 2
2021/07/18-18:28:36.797987 7fd352196700 Options.compaction_options_universal.max_merge_width: 4294967295
2021/07/18-18:28:36.797989 7fd352196700 Options.compaction_options_universal.max_size_amplification_percent: 200
2021/07/18-18:28:36.797991 7fd352196700 Options.compaction_options_universal.compression_size_percent: -1
2021/07/18-18:28:36.797994 7fd352196700 Options.compaction_options_universal.stop_style: kCompactionStopStyleTotalSize
2021/07/18-18:28:36.797996 7fd352196700 Options.compaction_options_fifo.max_table_files_size: 1073741824
2021/07/18-18:28:36.797998 7fd352196700 Options.compaction_options_fifo.allow_compaction: 0
2021/07/18-18:28:36.798007 7fd352196700                   Options.table_properties_collectors: 
2021/07/18-18:28:36.798039 7fd352196700                   Options.inplace_update_support: 0
2021/07/18-18:28:36.798042 7fd352196700                 Options.inplace_update_num_locks: 10000
2021/07/18-18:28:36.798045 7fd352196700               Options.memtable_prefix_bloom_size_ratio: 0.000000
2021/07/18-18:28:36.798048 7fd352196700               Options.memtable_whole_key_filtering: 0
2021/07/18-18:28:36.798051 7fd352196700   Options.memtable_huge_page_size: 0
2021/07/18-18:28:36.798053 7fd352196700                           Options.bloom_locality: 0
2021/07/18-18:28:36.798055 7fd352196700                    Options.max_successive_merges: 0
2021/07/18-18:28:36.798057 7fd352196700                Options.optimize_filters_for_hits: 0
2021/07/18-18:28:36.798059 7fd352196700                Options.paranoid_file_checks: 0
2021/07/18-18:28:36.798060 7fd352196700                Options.force_consistency_checks: 1
2021/07/18-18:28:36.798063 7fd352196700                Options.report_bg_io_stats: 0
2021/07/18-18:28:36.798065 7fd352196700                               Options.ttl: 2592000
2021/07/18-18:28:36.798067 7fd352196700          Options.periodic_compaction_seconds: 0
2021/07/18-18:28:36.798069 7fd352196700                    Options.enable_blob_files: false
2021/07/18-18:28:36.798071 7fd352196700                        Options.min_blob_size: 0
2021/07/18-18:28:36.798074 7fd352196700                       Options.blob_file_size: 268435456
2021/07/18-18:28:36.798076 7fd352196700                Options.blob_compression_type: NoCompression
2021/07/18-18:28:36.798078 7fd352196700       Options.enable_blob_garbage_collection: false
2021/07/18-18:28:36.798080 7fd352196700   Options.blob_garbage_collection_age_cutoff: 0.250000
2021/07/18-18:28:36.827729 7fd352196700 [db/version_set.cc:4805] Recovered from manifest file:./alice-database/db/MANIFEST-000580 succeeded,manifest_file_number is 580, next_file_number is 582, last_sequence is 569, log_number is 576,prev_log_number is 0,max_column_family is 0,min_log_number_to_keep is 0
2021/07/18-18:28:36.827752 7fd352196700 [db/version_set.cc:4814] Column family [default] (ID 0), log number is 576
2021/07/18-18:28:36.828346 7fd352196700 [db/version_set.cc:4111] Creating manifest 584
2021/07/18-18:28:36.940329 7fd352196700 EVENT_LOG_v1 {"time_micros": 1626650916940319, "job": 1, "event": "recovery_started", "wal_files": [581]}
2021/07/18-18:28:36.940344 7fd352196700 [db/db_impl/db_impl_open.cc:849] Recovering log #581 mode 2
2021/07/18-18:28:36.973789 7fd352196700 EVENT_LOG_v1 {"time_micros": 1626650916973731, "cf_name": "default", "job": 1, "event": "table_file_creation", "file_number": 585, "file_size": 3264, "file_checksum": "", "file_checksum_func_name": "Unknown", "table_properties": {"data_size": 2329, "index_size": 99, "index_partitions": 0, "top_level_index_size": 0, "index_key_is_user_key": 1, "index_value_is_delta_encoded": 1, "filter_size": 0, "raw_key_size": 199, "raw_average_key_size": 99, "raw_value_size": 5647, "raw_average_value_size": 2823, "num_data_blocks": 1, "num_entries": 2, "num_deletions": 0, "num_merge_operands": 0, "num_range_deletions": 0, "format_version": 0, "fixed_key_len": 0, "filter_policy": "", "column_family_name": "default", "column_family_id": 0, "comparator": "leveldb.BytewiseComparator", "merge_operator": "nullptr", "prefix_extractor_name": "nullptr", "property_collectors": "[]", "compression": "LZ4", "compression_options": "window_bits=-14; level=32767; strategy=0; max_dict_bytes=0; zstd_max_train_bytes=0; enabled=0; ", "creation_time": 1626650916, "oldest_key_time": 0, "file_creation_time": 0, "db_id": "cd4a1102-5246-4590-b605-c20329dcb14c", "db_session_id": "SA8UCOBNBDD7YKI50YNE"}}
2021/07/18-18:28:36.973941 7fd352196700 [db/version_set.cc:4111] Creating manifest 586
2021/07/18-18:28:37.063028 7fd352196700 EVENT_LOG_v1 {"time_micros": 1626650917063023, "job": 1, "event": "recovery_finished"}
2021/07/18-18:28:37.063647 7fd352196700 [file/delete_scheduler.cc:75] Deleted file ./alice-database/db/000581.log immediately, rate_bytes_per_sec 0, total_trash_size 0 max_trash_db_ratio 0.250000
2021/07/18-18:28:37.120356 7fd352196700 [db/db_impl/db_impl_open.cc:1707] SstFileManager instance 0x7fd3440a9ac0
2021/07/18-18:28:37.120560 7fd352196700 DB pointer 0x7fd3440db750
2021/07/18-18:28:37.137503 7fd3407f8700 [db/db_impl/db_impl.cc:927] ------- DUMPING STATS -------
2021/07/18-18:28:37.137559 7fd3407f8700 [db/db_impl/db_impl.cc:928] 
** DB Stats **
Uptime(secs): 0.3 total, 0.3 interval
Cumulative writes: 0 writes, 0 keys, 0 commit groups, 0.0 writes per commit group, ingest: 0.00 GB, 0.00 MB/s
Cumulative WAL: 0 writes, 0 syncs, 0.00 writes per sync, written: 0.00 GB, 0.00 MB/s
Cumulative stall: 00:00:0.000 H:M:S, 0.0 percent
Interval writes: 0 writes, 0 keys, 0 commit groups, 0.0 writes per commit group, ingest: 0.00 MB, 0.00 MB/s
Interval WAL: 0 writes, 0 syncs, 0.00 writes per sync, written: 0.00 MB, 0.00 MB/s
Interval stall: 00:00:0.000 H:M:S, 0.0 percent

** Compaction Stats [default] **
Level    Files   Size     Score Read(GB)  Rn(GB) Rnp1(GB) Write(GB) Wnew(GB) Moved(GB) W-Amp Rd(MB/s) Wr(MB/s) Comp(sec) CompMergeCPU(sec) Comp(cnt) Avg(sec) KeyIn KeyDrop
----------------------------------------------------------------------------------------------------------------------------------------------------------------------------
  L0      3/0    9.57 KB   0.8      0.0     0.0      0.0       0.0      0.0       0.0   1.0      0.0      0.1      0.03              0.00         1    0.033       0      0
  L1      1/0   23.18 KB   0.0      0.0     0.0      0.0       0.0      0.0       0.0   0.0      0.0      0.0      0.00              0.00         0    0.000       0      0
 Sum      4/0   32.75 KB   0.0      0.0     0.0      0.0       0.0      0.0       0.0   1.0      0.0      0.1      0.03              0.00         1    0.033       0      0
 Int      0/0    0.00 KB   0.0      0.0     0.0      0.0       0.0      0.0       0.0   1.0      0.0      0.1      0.03              0.00         1    0.033       0      0

** Compaction Stats [default] **
Priority    Files   Size     Score Read(GB)  Rn(GB) Rnp1(GB) Write(GB) Wnew(GB) Moved(GB) W-Amp Rd(MB/s) Wr(MB/s) Comp(sec) CompMergeCPU(sec) Comp(cnt) Avg(sec) KeyIn KeyDrop
-------------------------------------------------------------------------------------------------------------------------------------------------------------------------------
User      0/0    0.00 KB   0.0      0.0     0.0      0.0       0.0      0.0       0.0   0.0      0.0      0.1      0.03              0.00         1    0.033       0      0
Uptime(secs): 0.3 total, 0.3 interval
Flush(GB): cumulative 0.000, interval 0.000
AddFile(GB): cumulative 0.000, interval 0.000
AddFile(Total Files): cumulative 0, interval 0
AddFile(L0 Files): cumulative 0, interval 0
AddFile(Keys): cumulative 0, interval 0
Cumulative compaction: 0.00 GB write, 0.01 MB/s write, 0.00 GB read, 0.00 MB/s read, 0.0 seconds
Interval compaction: 0.00 GB write, 0.01 MB/s write, 0.00 GB read, 0.00 MB/s read, 0.0 seconds
Stalls(count): 0 level0_slowdown, 0 level0_slowdown_with_compaction, 0 level0_numfiles, 0 level0_numfiles_with_compaction, 0 stop for pending_compaction_bytes, 0 slowdown for pending_compaction_bytes, 0 memtable_compaction, 0 memtable_slowdown, interval 0 total count

** File Read Latency Histogram By Level [default] **

** Compaction Stats [default] **
Level    Files   Size     Score Read(GB)  Rn(GB) Rnp1(GB) Write(GB) Wnew(GB) Moved(GB) W-Amp Rd(MB/s) Wr(MB/s) Comp(sec) CompMergeCPU(sec) Comp(cnt) Avg(sec) KeyIn KeyDrop
----------------------------------------------------------------------------------------------------------------------------------------------------------------------------
  L0      3/0    9.57 KB   0.8      0.0     0.0      0.0       0.0      0.0       0.0   1.0      0.0      0.1      0.03              0.00         1    0.033       0      0
  L1      1/0   23.18 KB   0.0      0.0     0.0      0.0       0.0      0.0       0.0   0.0      0.0      0.0      0.00              0.00         0    0.000       0      0
 Sum      4/0   32.75 KB   0.0      0.0     0.0      0.0       0.0      0.0       0.0   1.0      0.0      0.1      0.03              0.00         1    0.033       0      0
 Int      0/0    0.00 KB   0.0      0.0     0.0      0.0       0.0      0.0       0.0   0.0      0.0      0.0      0.00              0.00         0    0.000       0      0

** Compaction Stats [default] **
Priority    Files   Size     Score Read(GB)  Rn(GB) Rnp1(GB) Write(GB) Wnew(GB) Moved(GB) W-Amp Rd(MB/s) Wr(MB/s) Comp(sec) CompMergeCPU(sec) Comp(cnt) Avg(sec) KeyIn KeyDrop
-------------------------------------------------------------------------------------------------------------------------------------------------------------------------------
User      0/0    0.00 KB   0.0      0.0     0.0      0.0       0.0      0.0       0.0   0.0      0.0      0.1      0.03              0.00         1    0.033       0      0
Uptime(secs): 0.3 total, 0.0 interval
Flush(GB): cumulative 0.000, interval 0.000
AddFile(GB): cumulative 0.000, interval 0.000
AddFile(Total Files): cumulative 0, interval 0
AddFile(L0 Files): cumulative 0, interval 0
AddFile(Keys): cumulative 0, interval 0
Cumulative compaction: 0.00 GB write, 0.01 MB/s write, 0.00 GB read, 0.00 MB/s read, 0.0 seconds
Interval compaction: 0.00 GB write, 0.00 MB/s write, 0.00 GB read, 0.00 MB/s read, 0.0 seconds
Stalls(count): 0 level0_slowdown, 0 level0_slowdown_with_compaction, 0 level0_numfiles, 0 level0_numfiles_with_compaction, 0 stop for pending_compaction_bytes, 0 slowdown for pending_compaction_bytes, 0 memtable_compaction, 0 memtable_slowdown, interval 0 total count

** File Read Latency Histogram By Level [default] **
2021/07/18-18:38:37.138077 7fd3407f8700 [db/db_impl/db_impl.cc:927] ------- DUMPING STATS -------
2021/07/18-18:38:37.138204 7fd3407f8700 [db/db_impl/db_impl.cc:928] 
** DB Stats **
Uptime(secs): 600.3 total, 600.0 interval
Cumulative writes: 17 writes, 11 keys, 17 commit groups, 0.9 writes per commit group, ingest: 0.00 GB, 0.00 MB/s
Cumulative WAL: 17 writes, 0 syncs, 17.00 writes per sync, written: 0.00 GB, 0.00 MB/s
Cumulative stall: 00:00:0.000 H:M:S, 0.0 percent
Interval writes: 17 writes, 11 keys, 17 commit groups, 0.9 writes per commit group, ingest: 0.04 MB, 0.00 MB/s
Interval WAL: 17 writes, 0 syncs, 17.00 writes per sync, written: 0.00 MB, 0.00 MB/s
Interval stall: 00:00:0.000 H:M:S, 0.0 percent

** Compaction Stats [default] **
Level    Files   Size     Score Read(GB)  Rn(GB) Rnp1(GB) Write(GB) Wnew(GB) Moved(GB) W-Amp Rd(MB/s) Wr(MB/s) Comp(sec) CompMergeCPU(sec) Comp(cnt) Avg(sec) KeyIn KeyDrop
----------------------------------------------------------------------------------------------------------------------------------------------------------------------------
  L0      3/0    9.57 KB   0.8      0.0     0.0      0.0       0.0      0.0       0.0   1.0      0.0      0.1      0.03              0.00         1    0.033       0      0
  L1      1/0   23.18 KB   0.0      0.0     0.0      0.0       0.0      0.0       0.0   0.0      0.0      0.0      0.00              0.00         0    0.000       0      0
 Sum      4/0   32.75 KB   0.0      0.0     0.0      0.0       0.0      0.0       0.0   1.0      0.0      0.1      0.03              0.00         1    0.033       0      0
 Int      0/0    0.00 KB   0.0      0.0     0.0      0.0       0.0      0.0       0.0   0.0      0.0      0.0      0.00              0.00         0    0.000       0      0

** Compaction Stats [default] **
Priority    Files   Size     Score Read(GB)  Rn(GB) Rnp1(GB) Write(GB) Wnew(GB) Moved(GB) W-Amp Rd(MB/s) Wr(MB/s) Comp(sec) CompMergeCPU(sec) Comp(cnt) Avg(sec) KeyIn KeyDrop
-------------------------------------------------------------------------------------------------------------------------------------------------------------------------------
User      0/0    0.00 KB   0.0      0.0     0.0      0.0       0.0      0.0       0.0   0.0      0.0      0.1      0.03              0.00         1    0.033       0      0
Uptime(secs): 600.3 total, 600.0 interval
Flush(GB): cumulative 0.000, interval 0.000
AddFile(GB): cumulative 0.000, interval 0.000
AddFile(Total Files): cumulative 0, interval 0
AddFile(L0 Files): cumulative 0, interval 0
AddFile(Keys): cumulative 0, interval 0
Cumulative compaction: 0.00 GB write, 0.00 MB/s write, 0.00 GB read, 0.00 MB/s read, 0.0 seconds
Interval compaction: 0.00 GB write, 0.00 MB/s write, 0.00 GB read, 0.00 MB/s read, 0.0 seconds
Stalls(count): 0 level0_slowdown, 0 level0_slowdown_with_compaction, 0 level0_numfiles, 0 level0_numfiles_with_compaction, 0 stop for pending_compaction_bytes, 0 slowdown for pending_compaction_bytes, 0 memtable_compaction, 0 memtable_slowdown, interval 0 total count

** File Read Latency Histogram By Level [default] **

** Compaction Stats [default] **
Level    Files   Size     Score Read(GB)  Rn(GB) Rnp1(GB) Write(GB) Wnew(GB) Moved(GB) W-Amp Rd(MB/s) Wr(MB/s) Comp(sec) CompMergeCPU(sec) Comp(cnt) Avg(sec) KeyIn KeyDrop
----------------------------------------------------------------------------------------------------------------------------------------------------------------------------
  L0      3/0    9.57 KB   0.8      0.0     0.0      0.0       0.0      0.0       0.0   1.0      0.0      0.1      0.03              0.00         1    0.033       0      0
  L1      1/0   23.18 KB   0.0      0.0     0.0      0.0       0.0      0.0       0.0   0.0      0.0      0.0      0.00              0.00         0    0.000       0      0
 Sum      4/0   32.75 KB   0.0      0.0     0.0      0.0       0.0      0.0       0.0   1.0      0.0      0.1      0.03              0.00         1    0.033       0      0
 Int      0/0    0.00 KB   0.0      0.0     0.0      0.0       0.0      0.0       0.0   0.0      0.0      0.0      0.00              0.00         0    0.000       0      0

** Compaction Stats [default] **
Priority    Files   Size     Score Read(GB)  Rn(GB) Rnp1(GB) Write(GB) Wnew(GB) Moved(GB) W-Amp Rd(MB/s) Wr(MB/s) Comp(sec) CompMergeCPU(sec) Comp(cnt) Avg(sec) KeyIn KeyDrop
-------------------------------------------------------------------------------------------------------------------------------------------------------------------------------
User      0/0    0.00 KB   0.0      0.0     0.0      0.0       0.0      0.0       0.0   0.0      0.0      0.1      0.03              0.00         1    0.033       0      0
Uptime(secs): 600.3 total, 0.0 interval
Flush(GB): cumulative 0.000, interval 0.000
AddFile(GB): cumulative 0.000, interval 0.000
AddFile(Total Files): cumulative 0, interval 0
AddFile(L0 Files): cumulative 0, interval 0
AddFile(Keys): cumulative 0, interval 0
Cumulative compaction: 0.00 GB write, 0.00 MB/s write, 0.00 GB read, 0.00 MB/s read, 0.0 seconds
Interval compaction: 0.00 GB write, 0.00 MB/s write, 0.00 GB read, 0.00 MB/s read, 0.0 seconds
Stalls(count): 0 level0_slowdown, 0 level0_slowdown_with_compaction, 0 level0_numfiles, 0 level0_numfiles_with_compaction, 0 stop for pending_compaction_bytes, 0 slowdown for pending_compaction_bytes, 0 memtable_compaction, 0 memtable_slowdown, interval 0 total count

** File Read Latency Histogram By Level [default] **
2021/07/18-18:48:37.138663 7fd3407f8700 [db/db_impl/db_impl.cc:927] ------- DUMPING STATS -------
2021/07/18-18:48:37.138870 7fd3407f8700 [db/db_impl/db_impl.cc:928] 
** DB Stats **
Uptime(secs): 1200.3 total, 600.0 interval
Cumulative writes: 54 writes, 39 keys, 54 commit groups, 1.0 writes per commit group, ingest: 0.00 GB, 0.00 MB/s
Cumulative WAL: 54 writes, 0 syncs, 54.00 writes per sync, written: 0.00 GB, 0.00 MB/s
Cumulative stall: 00:00:0.000 H:M:S, 0.0 percent
Interval writes: 37 writes, 28 keys, 37 commit groups, 1.0 writes per commit group, ingest: 0.09 MB, 0.00 MB/s
Interval WAL: 37 writes, 0 syncs, 37.00 writes per sync, written: 0.00 MB, 0.00 MB/s
Interval stall: 00:00:0.000 H:M:S, 0.0 percent

** Compaction Stats [default] **
Level    Files   Size     Score Read(GB)  Rn(GB) Rnp1(GB) Write(GB) Wnew(GB) Moved(GB) W-Amp Rd(MB/s) Wr(MB/s) Comp(sec) CompMergeCPU(sec) Comp(cnt) Avg(sec) KeyIn KeyDrop
----------------------------------------------------------------------------------------------------------------------------------------------------------------------------
  L0      3/0    9.57 KB   0.8      0.0     0.0      0.0       0.0      0.0       0.0   1.0      0.0      0.1      0.03              0.00         1    0.033       0      0
  L1      1/0   23.18 KB   0.0      0.0     0.0      0.0       0.0      0.0       0.0   0.0      0.0      0.0      0.00              0.00         0    0.000       0      0
 Sum      4/0   32.75 KB   0.0      0.0     0.0      0.0       0.0      0.0       0.0   1.0      0.0      0.1      0.03              0.00         1    0.033       0      0
 Int      0/0    0.00 KB   0.0      0.0     0.0      0.0       0.0      0.0       0.0   0.0      0.0      0.0      0.00              0.00         0    0.000       0      0

** Compaction Stats [default] **
Priority    Files   Size     Score Read(GB)  Rn(GB) Rnp1(GB) Write(GB) Wnew(GB) Moved(GB) W-Amp Rd(MB/s) Wr(MB/s) Comp(sec) CompMergeCPU(sec) Comp(cnt) Avg(sec) KeyIn KeyDrop
-------------------------------------------------------------------------------------------------------------------------------------------------------------------------------
User      0/0    0.00 KB   0.0      0.0     0.0      0.0       0.0      0.0       0.0   0.0      0.0      0.1      0.03              0.00         1    0.033       0      0
Uptime(secs): 1200.3 total, 600.0 interval
Flush(GB): cumulative 0.000, interval 0.000
AddFile(GB): cumulative 0.000, interval 0.000
AddFile(Total Files): cumulative 0, interval 0
AddFile(L0 Files): cumulative 0, interval 0
AddFile(Keys): cumulative 0, interval 0
Cumulative compaction: 0.00 GB write, 0.00 MB/s write, 0.00 GB read, 0.00 MB/s read, 0.0 seconds
Interval compaction: 0.00 GB write, 0.00 MB/s write, 0.00 GB read, 0.00 MB/s read, 0.0 seconds
Stalls(count): 0 level0_slowdown, 0 level0_slowdown_with_compaction, 0 level0_numfiles, 0 level0_numfiles_with_compaction, 0 stop for pending_compaction_bytes, 0 slowdown for pending_compaction_bytes, 0 memtable_compaction, 0 memtable_slowdown, interval 0 total count

** File Read Latency Histogram By Level [default] **

** Compaction Stats [default] **
Level    Files   Size     Score Read(GB)  Rn(GB) Rnp1(GB) Write(GB) Wnew(GB) Moved(GB) W-Amp Rd(MB/s) Wr(MB/s) Comp(sec) CompMergeCPU(sec) Comp(cnt) Avg(sec) KeyIn KeyDrop
----------------------------------------------------------------------------------------------------------------------------------------------------------------------------
  L0      3/0    9.57 KB   0.8      0.0     0.0      0.0       0.0      0.0       0.0   1.0      0.0      0.1      0.03              0.00         1    0.033       0      0
  L1      1/0   23.18 KB   0.0      0.0     0.0      0.0       0.0      0.0       0.0   0.0      0.0      0.0      0.00              0.00         0    0.000       0      0
 Sum      4/0   32.75 KB   0.0      0.0     0.0      0.0       0.0      0.0       0.0   1.0      0.0      0.1      0.03              0.00         1    0.033       0      0
 Int      0/0    0.00 KB   0.0      0.0     0.0      0.0       0.0      0.0       0.0   0.0      0.0      0.0      0.00              0.00         0    0.000       0      0

** Compaction Stats [default] **
Priority    Files   Size     Score Read(GB)  Rn(GB) Rnp1(GB) Write(GB) Wnew(GB) Moved(GB) W-Amp Rd(MB/s) Wr(MB/s) Comp(sec) CompMergeCPU(sec) Comp(cnt) Avg(sec) KeyIn KeyDrop
-------------------------------------------------------------------------------------------------------------------------------------------------------------------------------
User      0/0    0.00 KB   0.0      0.0     0.0      0.0       0.0      0.0       0.0   0.0      0.0      0.1      0.03              0.00         1    0.033       0      0
Uptime(secs): 1200.3 total, 0.0 interval
Flush(GB): cumulative 0.000, interval 0.000
AddFile(GB): cumulative 0.000, interval 0.000
AddFile(Total Files): cumulative 0, interval 0
AddFile(L0 Files): cumulative 0, interval 0
AddFile(Keys): cumulative 0, interval 0
Cumulative compaction: 0.00 GB write, 0.00 MB/s write, 0.00 GB read, 0.00 MB/s read, 0.0 seconds
Interval compaction: 0.00 GB write, 0.00 MB/s write, 0.00 GB read, 0.00 MB/s read, 0.0 seconds
Stalls(count): 0 level0_slowdown, 0 level0_slowdown_with_compaction, 0 level0_numfiles, 0 level0_numfiles_with_compaction, 0 stop for pending_compaction_bytes, 0 slowdown for pending_compaction_bytes, 0 memtable_compaction, 0 memtable_slowdown, interval 0 total count

** File Read Latency Histogram By Level [default] **
2021/07/18-18:58:37.139263 7fd3407f8700 [db/db_impl/db_impl.cc:927] ------- DUMPING STATS -------
2021/07/18-18:58:37.139414 7fd3407f8700 [db/db_impl/db_impl.cc:928] 
** DB Stats **
Uptime(secs): 1800.3 total, 600.0 interval
Cumulative writes: 54 writes, 39 keys, 54 commit groups, 1.0 writes per commit group, ingest: 0.00 GB, 0.00 MB/s
Cumulative WAL: 54 writes, 0 syncs, 54.00 writes per sync, written: 0.00 GB, 0.00 MB/s
Cumulative stall: 00:00:0.000 H:M:S, 0.0 percent
Interval writes: 0 writes, 0 keys, 0 commit groups, 0.0 writes per commit group, ingest: 0.00 MB, 0.00 MB/s
Interval WAL: 0 writes, 0 syncs, 0.00 writes per sync, written: 0.00 MB, 0.00 MB/s
Interval stall: 00:00:0.000 H:M:S, 0.0 percent

** Compaction Stats [default] **
Level    Files   Size     Score Read(GB)  Rn(GB) Rnp1(GB) Write(GB) Wnew(GB) Moved(GB) W-Amp Rd(MB/s) Wr(MB/s) Comp(sec) CompMergeCPU(sec) Comp(cnt) Avg(sec) KeyIn KeyDrop
----------------------------------------------------------------------------------------------------------------------------------------------------------------------------
  L0      3/0    9.57 KB   0.8      0.0     0.0      0.0       0.0      0.0       0.0   1.0      0.0      0.1      0.03              0.00         1    0.033       0      0
  L1      1/0   23.18 KB   0.0      0.0     0.0      0.0       0.0      0.0       0.0   0.0      0.0      0.0      0.00              0.00         0    0.000       0      0
 Sum      4/0   32.75 KB   0.0      0.0     0.0      0.0       0.0      0.0       0.0   1.0      0.0      0.1      0.03              0.00         1    0.033       0      0
 Int      0/0    0.00 KB   0.0      0.0     0.0      0.0       0.0      0.0       0.0   0.0      0.0      0.0      0.00              0.00         0    0.000       0      0

** Compaction Stats [default] **
Priority    Files   Size     Score Read(GB)  Rn(GB) Rnp1(GB) Write(GB) Wnew(GB) Moved(GB) W-Amp Rd(MB/s) Wr(MB/s) Comp(sec) CompMergeCPU(sec) Comp(cnt) Avg(sec) KeyIn KeyDrop
-------------------------------------------------------------------------------------------------------------------------------------------------------------------------------
User      0/0    0.00 KB   0.0      0.0     0.0      0.0       0.0      0.0       0.0   0.0      0.0      0.1      0.03              0.00         1    0.033       0      0
Uptime(secs): 1800.3 total, 600.0 interval
Flush(GB): cumulative 0.000, interval 0.000
AddFile(GB): cumulative 0.000, interval 0.000
AddFile(Total Files): cumulative 0, interval 0
AddFile(L0 Files): cumulative 0, interval 0
AddFile(Keys): cumulative 0, interval 0
